6507
7026
6632
6470
4076
6466
4313
6053
0862
3852
6351
6753
5720
6728
2334
3370
4482
4816
3860
4224
5087
2429
2525
4021
6176
6333
4659
5033
6518
2420
3918
5010
5031
5252
6034
6157
7256
2716
2871
3345
3515
3953
5069
6079
6290
7275
3704
6164
2326
2346
2627
2752
5125
2516
2850
3090
3189
3525
3630
4569
5082
6628
7213
2339
2465
3042
3111
3178
3381
3612
3764
4371
4405
4514
6632
6470
6466
0862
3852
6351
5720
4482
6079
6628
6632
6470
6466
0862
3852
6351
5720
4482
6079
6628
4116
4815
2605
6428
7260
3272
6166
2294
2711
3341
6073
5114
2421
3190
6170
4850
4018
7170
3796
4820
2774
6442
3174
3458
4030
6613
3723
6716
6173
7113
3127
3311
3741
5724
4564
4552
5700
3782
5291
7005
2904
3400
5111
5341
4555
2566
4310
2390
3187
4014
3089
2680
2607
5213
4343
4208
5088
3171
6180
2318
3971
7019
5480
4065
3427
2506
3409
2381
4384
6239
4341
2785
5153
3121
6227
5573
2411
3478
2295
6211
6105
3878
6567
4878
5076
3608
3240
3270
2820
5017
5096
4129
5045
7017
6395
3691
3188
6082
6373
3044
3215
4280
5540
4069
5073
5680
5353
5481
3816
7021
4401
2731
4738
4895
3285
5170
3059
3885
2564
4109
7053
2821
3033
5051
4614
7140
5155
6514
4744
4717
4022
4054
4712
2652
6050
2880
5575
4010
4677
4563
5734
3147
3128
2557
2431
4115
2629
4223
5355
4123
3390
2831
5165
6487
3133
2601
7179
4312
5169
3186
6106
4807
2319
7007
6625
2625
2481
3757
5089
2422
6431
3104
3331
3752
3152
3895
5250
2898
6368
2776
4852
3227
3198
3281
3821
4474
3523
3078
3153
5495
4865
5084
3143
4365
2485
3730
4075
3070
2473
3437
4059
5158
3241
5037
2900
7306
6003
2606
5049
4169
6159
3084
4812
3678
3183
6422
6158
4362
3003
3039
3002
4227
5006
4877
6572
4489
3596
2835
4733
2387
4718
5556
6150
2537
6019
4311
2799
2337
2398
3155
2780
3842
2830
2365
2902
6707
4179
4159
5043
7252
3658
2642
5163
4481
3377
3019
6156
3022
3880
6024
5067
2305
6147
4500
6026
2906
6111
4715
4304
2303
5255
3450
2343
3038
4127
4152
5160
4355
5074
5091
6057
5011
5032
4580
4400
3631
6168
3975
2777
4506
3984
5271
3082
4724
2477
3151
4035
4370
3095
5168
6725
5022
2761
6153
3223
5732
3496
2488
3043
3753
6084
3415
6155
2443
2360
7015
3824
3660
4219
3300
2762
3012
3919
2519
4811
5070
2548
6635
2324
7004
4818
3156
6447
4110
5173
2526
5161
2474
4702
5097
6104
5733
4210
3956
3854
3802
6285
5214
7172
4161
3184
2446
2866
3380
4361
2661
6100
0872
2456
6066
6465
6632
6470
6466
0862
3852
6351
5720
4482
6079
6628
6428
6613
6716
5724
5111
4384
2411
6373
5734
6487
6106
6625
6431
2898
6368
4474
6422
6572
4489
3596
4733
2387
2398
4481
5160
4724
5732
3415
4219
6635
6447
5733
2661
0872
6465
2612
2321
5107
2315
4078
3192
3893
2450
3083
4051
4301
3756
3021
3909
6632
6470
6466
0862
3852
6351
5720
4482
6079
6628
6428
6613
2533
4884
6015
6162
4157
0800
0810
0812
0820
0822
0828
0829
0830
0832
0835
0836
0837
0838
0839
0840
0841
0845
0850
0854
0860
0870
0875
0880
0834
0873
0874
2000
2007
2009
2010
2011
2015
2016
2017
2018
2019
2020
2021
2022
2023
2024
2025
2026
2027
2028
2029
2030
2031
2032
2033
2034
2035
2036
2037
2177
4130
4573
2323
2527
2536
2546
2550
2602
2790
3018
3032
3055
3108
3116
3130
3196
3335
3844
3934
4064
4102
4163
4352
4503
4572
4575
4802
6401
7030
2296
2298
2304
2320
2322
2330
2340
2428
2430
2440
2452
2469
2576
2600
2604
2611
2614
2640
2756
2913
3004
3013
3020
3023
3028
3029
3037
3048
3051
3053
3057
3081
3136
3137
3138
3141
3145
3146
